"","ESV","OTUNumber","Doman","Phylum","Class","Order","Family","Genus","mean_abund","NC.relabund","BA.relabund","BH.relabund","NCH.relabund","NbA.relabund","NbH.relabund"
"Otu00001","esv_1","Otu00001","Bacteria(100)","Cyanobacteria","Oxyphotobacteria","Synechococcales","Cyanobiaceae","Synechococcus_CC9902",490.8,0.133955039525692,0.0794836956521739,0.126111660079051,0.382658102766798,0.219244071146245,0.0585474308300395
"Otu00894","esv_1006","Otu00894","Bacteria(100)","Proteobacteria","Gammaproteobacteria","Alteromonadales","Alteromonadaceae","Alteromonadaceae_unclassified",61.2,0.140770252324037,0.250996015936255,0.142540947321824,0.106241699867198,0.18946436476317,0.169986719787517
"Otu00101","esv_101","Otu00101","Bacteria(100)","Bacteroidetes","Bacteroidia","Chitinophagales","Saprospiraceae","uncultured",287.4,0.0706572332898902,0.327034071867436,0.193260100539937,0.14131446657978,0.0733569167752746,0.194377210947682
"Otu00897","esv_1010","Otu00897","Bacteria(100)","Proteobacteria","Gammaproteobacteria","Alteromonadales","Alteromonadaceae","Alteromonadaceae_unclassified",69.7333333333333,0,0.279297672519396,0.216414863209473,0.0449162923642303,0.301347488770927,0.158023683135974
"Otu00109","esv_109","Otu00109","Bacteria(100)","Proteobacteria","Gammaproteobacteria","Oceanospirillales","Nitrincolaceae","Nitrincolaceae_unclassified",1008.06666666667,0.224168073306004,0.00985652278755727,0.0513624306727755,0.605618519411623,0.0777067759826381,0.031287677839402
"Otu00011","esv_11","Otu00011","Bacteria(100)","Proteobacteria","Alphaproteobacteria","SAR11_clade","Clade_I","Clade_Ia",86.7333333333333,0.210633946830266,0.0623721881390593,0.113156100886162,0.332651670074983,0.214723926380368,0.0664621676891615
"Otu00110","esv_110","Otu00110","Bacteria(100)","Proteobacteria","Alphaproteobacteria","Rhodobacterales","Rhodobacteraceae","Donghicola",296.4,0.164550533265617,0.0481462671406805,0.165159979685119,0.265515490096496,0.278923311325546,0.0777044184865414
"Otu00988","esv_1120","Otu00988","Bacteria(100)","Proteobacteria","Alphaproteobacteria","Rhodobacterales","Rhodobacteraceae","Rhodobacteraceae_unclassified",44.8,0.234916559691913,0.0693196405648267,0.13607188703466,0.258023106546855,0.193838254172015,0.10783055198973
"Otu01012","esv_1151","Otu01012","Bacteria(100)","Proteobacteria","Gammaproteobacteria","Alteromonadales","Alteromonadaceae","Alteromonadaceae_unclassified",38.6666666666667,0.253968253968254,0,0.275132275132275,0.145124716553288,0.210128495842782,0.115646258503401
"Otu01023","esv_1165","Otu01023","Bacteria(100)","Proteobacteria","Gammaproteobacteria","Alteromonadales","Alteromonadaceae","Alteromonadaceae_unclassified",47.8,0.277573529411765,0,0.17156862745098,0.300245098039216,0.16421568627451,0.0863970588235294
"Otu01024","esv_1166","Otu01024","Bacteria(100)","Proteobacteria","Gammaproteobacteria","Alteromonadales","Alteromonadaceae","Catenovulum",50.0666666666667,0,0.531958762886598,0.206185567010309,0.0237113402061856,0.0927835051546392,0.145360824742268
"Otu01027","esv_1170","Otu01027","Bacteria(100)","Proteobacteria","Gammaproteobacteria","Alteromonadales","Alteromonadaceae","Alteromonadaceae_unclassified",29.9333333333333,0,0,0.172340425531915,0.148936170212766,0.54468085106383,0.134042553191489
"Otu00012","esv_12","Otu00012","Bacteria(100)","Proteobacteria","Alphaproteobacteria","Rhodobacterales","Rhodobacteraceae","Thalassobius",720.533333333333,0.258889801666471,0.0929468372256777,0.176270390799202,0.157962680436568,0.20255838516606,0.11137190470602
"Otu00013","esv_13","Otu00013","Bacteria(100)","Bacteroidetes","Bacteroidia","Flavobacteriales","Flavobacteriaceae","Olleya",118.733333333333,0.0711143695014663,0.102639296187683,0.342619745845552,0.0542521994134897,0.214565004887586,0.214809384164223
"Otu01139","esv_1307","Otu01139","Bacteria(100)","Proteobacteria","Gammaproteobacteria","Alteromonadales","Alteromonadaceae","Aestuariibacter",42.2666666666667,0.131524008350731,0.171189979123173,0.249130132219903,0.20598469032707,0.192066805845511,0.0501043841336117
"Otu00131","esv_131","Otu00131","Bacteria(100)","Proteobacteria","Gammaproteobacteria","Vibrionales","Vibrionaceae","Vibrionaceae_unclassified",36.4666666666667,0.273124544792425,0.253459577567371,0.244719592134013,0.145666423889294,0,0.0830298616168973
"Otu01153","esv_1324","Otu01153","Bacteria(100)","Proteobacteria","Gammaproteobacteria","Alteromonadales","Pseudoalteromonadaceae","Pseudoalteromonadaceae_unclassified",40.4,0,0.568239795918367,0.154336734693878,0,0.164540816326531,0.112882653061224
"Otu01163","esv_1338","Otu01163","Bacteria(100)","Proteobacteria","Gammaproteobacteria","Alteromonadales","Alteromonadaceae","Agaribacter",42.8,0.112936344969199,0.117043121149897,0.16974674880219,0.195756331279945,0.271047227926078,0.13347022587269
"Otu00134","esv_134","Otu00134","Bacteria(100)","Proteobacteria","Gammaproteobacteria","Oceanospirillales","Nitrincolaceae","Neptuniibacter",527.6,0.300530738611234,0.0353272888102609,0.0827067669172932,0.363224237063246,0.179234851835471,0.0389761167624945
"Otu00014","esv_14","Otu00014","Bacteria(100)","Proteobacteria","Alphaproteobacteria","SAR11_clade","Clade_I","Clade_Ia",98.8666666666667,0.20125786163522,0.0601976639712489,0.180293501048218,0.285115303983228,0.199460916442049,0.0736747529200359
"Otu01224","esv_1412","Otu01224","Bacteria(100)","Proteobacteria","Gammaproteobacteria","Alteromonadales","Pseudoalteromonadaceae","Pseudoalteromonas",36.4,0,0.604,0.184,0,0,0.212
"Otu01258","esv_1455","Otu01258","Bacteria(100)","Proteobacteria","Gammaproteobacteria","Alteromonadales","Alteromonadaceae","Agaribacter",39.5333333333333,0.209567198177677,0,0.0622627182991648,0.14123006833713,0.498101746393318,0.0888382687927107
"Otu00147","esv_147","Otu00147","Bacteria(100)","Proteobacteria","Gammaproteobacteria","Alteromonadales","Marinobacteraceae","Marinobacter",257.266666666667,0.208246708246708,0.0564795564795565,0.105798105798106,0.35989835989836,0.208593208593209,0.060984060984061
"Otu01285","esv_1494","Otu01285","Bacteria(100)","Proteobacteria","Gammaproteobacteria","Alteromonadales","Pseudoalteromonadaceae","Pseudoalteromonadaceae_unclassified",37.5333333333333,0,0.414545454545455,0.219636363636364,0.0290909090909091,0.208,0.128727272727273
"Otu01296","esv_1505","Otu01296","Bacteria(100)","Proteobacteria","Gammaproteobacteria","Alteromonadales","Pseudoalteromonadaceae","Pseudoalteromonas",31,0,0.576740506329114,0.207278481012658,0,0,0.215981012658228
"Otu01307","esv_1516","Otu01307","Bacteria(100)","Proteobacteria","Gammaproteobacteria","Cellvibrionales","Cellvibrionaceae","Umboniibacter",21.4,0,0.258148631029987,0.419817470664928,0.00782268578878748,0.0834419817470665,0.230769230769231
"Otu00016","esv_16","Otu00016","Bacteria(100)","Proteobacteria","Alphaproteobacteria","SAR11_clade","Clade_I","Clade_Ib",49.7333333333333,0.179584120982987,0,0,0.504095778197858,0.316320100819156,0
"Otu00161","esv_161","Otu00161","Bacteria(100)","Proteobacteria","Gammaproteobacteria","Alteromonadales","Pseudoalteromonadaceae","Psychrosphaera",641.133333333333,0.110179217798181,0.168844354197934,0.253730025602543,0.0311644742650305,0.262205350048557,0.173876578087755
"Otu00163","esv_163","Otu00163","Bacteria(100)","Proteobacteria","Alphaproteobacteria","Rhodobacterales","Rhodobacteraceae","Rhodobacteraceae_unclassified",372.466666666667,0.327779045879936,0.0620862816708514,0.142585406680362,0.269801415202009,0.138172411169444,0.0595754393973979
"Otu00167","esv_167","Otu00167","Bacteria(100)","Proteobacteria","Alphaproteobacteria","Rhodobacterales","Rhodobacteraceae","Rhodobacteraceae_unclassified",163.133333333333,0.1527537235885,0.176653966054728,0.17076550051957,0.141323172843782,0.230689296847939,0.12781434014548
"Otu00017","esv_17","Otu00017","Bacteria(100)","Proteobacteria","Alphaproteobacteria","SAR11_clade","Clade_II","Clade_II_ge",93.7333333333333,0.196830427892235,0.0684627575277337,0.126782884310618,0.358795562599049,0.188272583201268,0.0608557844690967
"Otu01459","esv_1721","Otu01459","Bacteria(100)","Bacteroidetes","Bacteroidia","Flavobacteriales","Flavobacteriaceae","Flavobacteriaceae_unclassified",16.4666666666667,0,0,1,0,0,0
"Otu00018","esv_18","Otu00018","Bacteria(100)","Proteobacteria","Alphaproteobacteria","Puniceispirillales","SAR116_clade","SAR116_clade_ge",346.333333333333,0.104089219330855,0.0674455655868295,0.191007257921756,0.330323951141795,0.237564170649673,0.0695698353690919
"Otu00179","esv_180","Otu00179","Bacteria(100)","Proteobacteria","Gammaproteobacteria","Alteromonadales","Alteromonadaceae","Alteromonadaceae_unclassified",155.6,0.162454873646209,0.309747292418773,0,0.240072202166065,0.287725631768953,0
"Otu00181","esv_182","Otu00181","Bacteria(100)","Proteobacteria","Alphaproteobacteria","Rhodobacterales","Rhodobacteraceae","Rhodobacteraceae_unclassified",585.8,0.164894600591716,0.288877588757396,0.225869082840237,0.0746116863905325,0.136741863905325,0.109005177514793
"Otu00184","esv_185","Otu00184","Bacteria(100)","Proteobacteria","Alphaproteobacteria","Rhodobacterales","Rhodobacteraceae","Rhodobacteraceae_unclassified",23.2666666666667,0.47085201793722,0.181614349775785,0,0,0.347533632286996,0
"Otu01581","esv_1867","Otu01581","Bacteria(100)","Proteobacteria","Gammaproteobacteria","Alteromonadales","Alteromonadaceae","Alteromonadaceae_unclassified",25.8666666666667,0,0.150334075723831,0.173719376391982,0.0824053452115813,0.33630289532294,0.257238307349666
"Otu00186","esv_187","Otu00186","Bacteria(100)","Proteobacteria","Alphaproteobacteria","Rhodobacterales","Rhodobacteraceae","Rhodobacteraceae_unclassified",113.866666666667,0.140138408304498,0.219476025704399,0.170044488383589,0.136431043005437,0.226396440929313,0.107513593672763
"Otu00019","esv_19","Otu00019","Bacteria(100)","Proteobacteria","Alphaproteobacteria","Rhodobacterales","Rhodobacteraceae","Nautella",855.466666666667,0.133351430219538,0.120932442061688,0.26371687421533,0.138237589494758,0.210512028774049,0.133249635234637
"Otu00189","esv_190","Otu00189","Bacteria(100)","Proteobacteria","Alphaproteobacteria","Rhodobacterales","Rhodobacteraceae","Rhodobacteraceae_unclassified",157.666666666667,0.327975980219004,0.0921935711762628,0.174849876368774,0.172730483927941,0.15860120098905,0.0736488873189686
"Otu00195","esv_196","Otu00195","Bacteria(100)","Proteobacteria","Gammaproteobacteria","Alteromonadales","Alteromonadaceae","Alteromonas",302.133333333333,0,0.288509004479386,0.25779321693025,0.0539354602797331,0.174056129445105,0.225706188865527
"Otu00002","esv_2","Otu00002","Bacteria(100)","Proteobacteria","Gammaproteobacteria","Alteromonadales","Alteromonadaceae","Alteromonas",12565,0.0725072337803791,0.243583114211215,0.230886866975455,0.0954748990571331,0.16194866491369,0.195599221062128
"Otu00199","esv_200","Otu00199","Bacteria(100)","Proteobacteria","Alphaproteobacteria","Rhodobacterales","Rhodobacteraceae","Thalassobius",133.333333333333,0.262562814070352,0.132537688442211,0.209380234505863,0.111390284757119,0.19179229480737,0.0923366834170854
"Otu00205","esv_207","Otu00205","Bacteria(100)","Proteobacteria","Gammaproteobacteria","Oceanospirillales","Nitrincolaceae","Neptuniibacter",267.466666666667,0.592560302237722,0.020924149956408,0.0709096192967161,0.125738641867674,0.135232006199748,0.0546352804417321
"Otu01761","esv_2101","Otu01761","Bacteria(100)","Bacteroidetes","Bacteroidia","Flavobacteriales","Cryomorphaceae","uncultured",15.6,0,0.230769230769231,0.21301775147929,0,0.556213017751479,0
"Otu00022","esv_22","Otu00022","Bacteria(100)","Proteobacteria","Alphaproteobacteria","Puniceispirillales","SAR116_clade","SAR116_clade_unclassified",74.7333333333333,0.124231242312423,0.0516605166051661,0.207462074620746,0.372283722837228,0.177941779417794,0.0664206642066421
"Otu00222","esv_225","Otu00222","Bacteria(100)","Bacteroidetes","Bacteroidia","Flavobacteriales","Flavobacteriaceae","Flavobacteriaceae_unclassified",65.4666666666667,0.258259655653792,0,0.0586319218241042,0.357375523499302,0.325732899022801,0
"Otu00023","esv_23","Otu00023","Bacteria(100)","Actinobacteria","Acidimicrobiia","Actinomarinales","Actinomarinaceae","Candidatus_Actinomarina",83.6,0.302667578659371,0.0554035567715458,0.106019151846785,0.279753761969904,0.187414500683995,0.0687414500683995
"Otu00227","esv_230","Otu00227","Bacteria(100)","Proteobacteria","Alphaproteobacteria","Rhodobacterales","Rhodobacteraceae","Rhodobacteraceae_unclassified",309.533333333333,0.0926848714371138,0.0711580625872035,0.156667331074347,0.329878413394459,0.289814630257126,0.0597966912497509
"Otu00230","esv_233","Otu00230","Bacteria(100)","Proteobacteria","Alphaproteobacteria","Rhodobacterales","Rhodobacteraceae","Rhodobacteraceae_unclassified",69.6,0.217391304347826,0.206521739130435,0.072463768115942,0.197262479871176,0.252012882447665,0.0543478260869565
"Otu00234","esv_237","Otu00234","Bacteria(100)","Proteobacteria","Gammaproteobacteria","Oceanospirillales","Nitrincolaceae","Nitrincolaceae_unclassified",419.733333333333,0.572030699547056,0.0188726723704076,0.0636638147961751,0.136134876698541,0.176648213387016,0.0326497232008052
"Otu00024","esv_24","Otu00024","Bacteria(100)","Proteobacteria","Alphaproteobacteria","Rhodobacterales","Rhodobacteraceae","HIMB11",357.866666666667,0.117897371714643,0.114392991239049,0.186232790988736,0.287359198998748,0.213767209011264,0.0803504380475595
"Otu00243","esv_246","Otu00243","Bacteria(100)","Bacteroidetes","Bacteroidia","Flavobacteriales","Flavobacteriales_unclassified","Flavobacteriales_unclassified",67.1333333333333,0.0870479394449117,0.325483599663583,0.0723296888141295,0.229604709840202,0.238856181665265,0.0466778805719092
"Otu00247","esv_250","Otu00247","Bacteria(100)","Proteobacteria","Alphaproteobacteria","Rhodobacterales","Rhodobacteraceae","Rhodobacteraceae_unclassified",190.2,0.283308270676692,0.06,0.0655639097744361,0.413533834586466,0.0950375939849624,0.0825563909774436
"Otu00248","esv_251","Otu00248","Bacteria(100)","Proteobacteria","Gammaproteobacteria","Alteromonadales","Alteromonadaceae","Alteromonadaceae_unclassified",397.4,0.101231688652431,0.143211136214562,0.275635886597187,0.0599081699584578,0.27111726550543,0.148895853071934
"Otu00251","esv_254","Otu00251","Bacteria(100)","Proteobacteria","Gammaproteobacteria","Oceanospirillales","Nitrincolaceae","Marinobacterium",93.2666666666667,0.374144486692015,0.401520912547529,0.0461343472750317,0,0.0816223067173637,0.0965779467680608
"Otu00252","esv_255","Otu00252","Bacteria(100)","Proteobacteria","Gammaproteobacteria","Alteromonadales","Pseudoalteromonadaceae","Psychrosphaera",418.866666666667,0.155704425497361,0.0791717417783191,0.353769116253891,0.0278792800108269,0.169305724725944,0.214169711733658
"Otu00263","esv_267","Otu00263","Bacteria(100)","Bacteroidetes","Bacteroidia","Flavobacteriales","Flavobacteriaceae","Tenacibaculum",55.4,0,0.397442455242967,0.441943734015345,0,0.10843989769821,0.0521739130434783
"Otu00027","esv_27","Otu00027","Bacteria(100)","Proteobacteria","Gammaproteobacteria","Oceanospirillales","Litoricolaceae","Litoricola",776.066666666667,0.0646546675516339,0.0597352906727053,0.222777495802913,0.0573146449068832,0.446882442509663,0.148635458556202
"Otu00268","esv_272","Otu00268","Bacteria(100)","Bacteroidetes","Bacteroidia","Flavobacteriales","NS9_marine_group","NS9_marine_group_ge",197.466666666667,0.119400726392252,0.123032687651332,0.134382566585956,0.345036319612591,0.210048426150121,0.0680992736077482
"Otu00276","esv_280","Otu00276","Bacteria(100)","Bacteroidetes","Bacteroidia","Flavobacteriales","NS9_marine_group","NS9_marine_group_ge",85.6666666666667,0.0315789473684211,0.260780984719864,0.226146010186757,0.158234295415959,0.233616298811545,0.0896434634974533
"Otu00277","esv_281","Otu00277","Bacteria(100)","Bacteroidetes","Bacteroidia","Flavobacteriales","Flavobacteriaceae","uncultured",297.8,0.0630011454753723,0.13602520045819,0.304123711340206,0.132875143184422,0.121420389461627,0.242554410080183
"Otu00284","esv_288","Otu00284","Bacteria(100)","Proteobacteria","Gammaproteobacteria","Oceanospirillales","Nitrincolaceae","Nitrincolaceae_unclassified",207.4,0.437696335078534,0.317277486910995,0.0488656195462478,0.0493310063990692,0.0735311227457824,0.0732984293193717
"Otu00289","esv_294","Otu00289","Bacteria(100)","Proteobacteria","Alphaproteobacteria","Rhizobiales","Rhizobiaceae","Lentilitoribacter",92.2,0.167756703727927,0.0480706344015697,0.133420536298234,0.376716808371485,0.203400915631131,0.0706344015696534
"Otu00290","esv_295","Otu00290","Bacteria(100)","Proteobacteria","Gammaproteobacteria","Alteromonadales","Alteromonadaceae","Alteromonadaceae_unclassified",360.2,0.157786259541985,0.223511450381679,0.175419847328244,0.10824427480916,0.190992366412214,0.144045801526718
"Otu00003","esv_3","Otu00003","Bacteria(100)","Bacteroidetes","Bacteroidia","Flavobacteriales","Cryomorphaceae","uncultured",4198.13333333333,0.0195735681298287,0.14487030083301,0.204022616427122,0.0705972060368021,0.443322255312415,0.117614053260823
"Otu00030","esv_30","Otu00030","Bacteria(100)","Proteobacteria","Gammaproteobacteria","Alteromonadales","Alteromonadaceae","Alteromonadaceae_unclassified",4871,0.129724693545735,0.0755768282211951,0.208455884591729,0.309846118245979,0.151275446512846,0.125121028882515
"Otu00295","esv_300","Otu00295","Bacteria(100)","Proteobacteria","Alphaproteobacteria","Rhodobacterales","Rhodobacteraceae","Rhodobacteraceae_unclassified",226,0.449982490953659,0.110306991945839,0.0873117777518385,0.129800396871717,0.157114509163068,0.0654838333138788
"Otu00299","esv_304","Otu00299","Bacteria(100)","Proteobacteria","Alphaproteobacteria","Rhodobacterales","Rhodobacteraceae","Rhodobacteraceae_unclassified",244.533333333333,0.101551480959097,0.164315937940762,0.229431123648331,0.269393511988717,0.0879172543488481,0.147390691114245
"Otu00301","esv_306","Otu00301","Bacteria(100)","Proteobacteria","Gammaproteobacteria","Alteromonadales","Alteromonadaceae","uncultured",331.266666666667,0.145550527903469,0.197083961789844,0.186693480811128,0.107591754650578,0.203955086308028,0.159125188536953
"Otu00308","esv_315","Otu00308","Bacteria(100)","Proteobacteria","Alphaproteobacteria","Rhodobacterales","Rhodobacteraceae","Rhodobacteraceae_unclassified",119.6,0.126996197718631,0.067680608365019,0.221546261089987,0.32446134347275,0.182509505703422,0.0768060836501901
"Otu00313","esv_320","Otu00313","Bacteria(100)","Bacteroidetes","Bacteroidia","Flavobacteriales","Flavobacteriaceae","Tenacibaculum",103.666666666667,0.043467208947636,0.480427046263345,0.25419420437214,0.0488052872394509,0.0686324351804779,0.10447381799695
"Otu00322","esv_329","Otu00322","Bacteria(100)","Bacteroidetes","Bacteroidia","Chitinophagales","Saprospiraceae","uncultured",54.1333333333333,0,0.40513068731849,0.193610842207164,0.164569215876089,0,0.236689254598258
"Otu00327","esv_336","Otu00327","Archaea(100)","Euryarchaeota","Thermoplasmata","Marine_Group_II","Marine_Group_II_fa","Marine_Group_II_ge",30.3333333333333,0.175985334555454,0.178735105407883,0.295142071494042,0.207149404216315,0,0.142988084326306
"Otu00034","esv_34","Otu00034","Bacteria(100)","Proteobacteria","Alphaproteobacteria","Caulobacterales","Hyphomonadaceae","Hyphomonas",116.2,0.180491551459293,0.0637480798771121,0.133640552995392,0.265232974910394,0.278545826932924,0.0783410138248848
"Otu00334","esv_343","Otu00334","Bacteria(100)","Proteobacteria","Alphaproteobacteria","Rhodobacterales","Rhodobacteraceae","Rhodobacteraceae_unclassified",85.8666666666667,0,0.32793136320305,0.155703844931681,0.120749920559263,0.179218303145853,0.216396568160153
"Otu00335","esv_344","Otu00335","Bacteria(100)","Proteobacteria","Gammaproteobacteria","Vibrionales","Vibrionaceae","Vibrio",175.666666666667,0.472769953051643,0.0230046948356808,0.0820031298904538,0.291079812206573,0.101095461658842,0.0300469483568075
"Otu00348","esv_358","Otu00348","Bacteria(100)","Proteobacteria","Gammaproteobacteria","Betaproteobacteriales","Methylophilaceae","OM43_clade",116.2,0.23575194576952,0.0572432839568165,0.287722821993472,0,0.337936228973136,0.081345719307055
"Otu00036","esv_36","Otu00036","Bacteria(100)","Proteobacteria","Alphaproteobacteria","Rhodobacterales","Rhodobacteraceae","Rhodobacteraceae_unclassified",1343.06666666667,0.22608827281967,0.0852453344289947,0.135112341327336,0.340981337715979,0.137837078044245,0.0747356356637761
"Otu00356","esv_369","Otu00356","Bacteria(100)","Proteobacteria","Alphaproteobacteria","Rhizobiales","Stappiaceae","Labrenzia",39.9333333333333,0.126126126126126,0.0698198198198198,0.217717717717718,0.261261261261261,0.219219219219219,0.105855855855856
"Otu00038","esv_38","Otu00038","Bacteria(100)","Proteobacteria","Alphaproteobacteria","Rhodobacterales","Rhodobacteraceae","Shimia",636.4,0.172074639213163,0.0871403621656402,0.164812942366026,0.224744921408218,0.242853203419432,0.108373931427521
"Otu00368","esv_383","Otu00368","Bacteria(100)","Proteobacteria","Gammaproteobacteria","Alteromonadales","Alteromonadaceae","Alteromonadaceae_unclassified",230.466666666667,0.12567514161507,0.0292451587406139,0.47872480569095,0.110920827295482,0.142800685021736,0.112633381636148
"Otu00370","esv_385","Otu00370","Bacteria(100)","Proteobacteria","Gammaproteobacteria","Alteromonadales","Alteromonadaceae","Alteromonadaceae_unclassified",114.866666666667,0.144630071599045,0.269212410501193,0.142243436754177,0.121241050119332,0.20381861575179,0.118854415274463
"Otu00039","esv_39","Otu00039","Bacteria(100)","Proteobacteria","Alphaproteobacteria","Rhodospirillales","AEGEAN-169_marine_group","AEGEAN-169_marine_group_ge",149.533333333333,0.196906603212374,0.0434265318262939,0.21376164981162,0.250247868332342,0.20464009518144,0.091017251635931
"Otu00004","esv_4","Otu00004","Bacteria(100)","Proteobacteria","Alphaproteobacteria","Rhodobacterales","Rhodobacteraceae","HIMB11",3177.53333333333,0.108572175927656,0.115971002578379,0.191696872314189,0.273607114831284,0.206289002653115,0.103863831695378
"Otu00387","esv_403","Otu00387","Bacteria(98)","Proteobacteria","Alphaproteobacteria","Alphaproteobacteria_unclassified","Alphaproteobacteria_unclassified","Alphaproteobacteria_unclassified",111.066666666667,0.144332699103017,0.0660505572166349,0.142973634139712,0.400108725197064,0.173960315303071,0.0725740690405001
"Otu00389","esv_405","Otu00389","Bacteria(100)","Proteobacteria","Alphaproteobacteria","Rhodobacterales","Rhodobacteraceae","Rhodobacteraceae_unclassified",153.733333333333,0.326122523177604,0.0752590438102163,0.131248863842938,0.195237229594619,0.18869296491547,0.0834393746591529
"Otu00041","esv_41","Otu00041","Bacteria(100)","Bacteroidetes","Bacteroidia","Flavobacteriales","NS9_marine_group","NS9_marine_group_ge",1910.2,0.199113386613387,0.0753933566433567,0.114604145854146,0.389922577422577,0.179008491508492,0.041958041958042
"Otu00395","esv_413","Otu00395","Bacteria(100)","Proteobacteria","Alphaproteobacteria","Rhodobacterales","Rhodobacteraceae","Rhodobacteraceae_unclassified",65.6,0.36609745939192,0.119950020824656,0.136609745939192,0.183256976259892,0.139108704706372,0.0549770928779675
"Otu00397","esv_416","Otu00397","Bacteria(100)","Proteobacteria","Gammaproteobacteria","Alteromonadales","Alteromonadaceae","Alteromonadaceae_unclassified",109.333333333333,0,0.309855649576904,0.239422598307616,0,0.209556993529119,0.241164758586361
"Otu00404","esv_425","Otu00404","Bacteria(100)","Proteobacteria","Alphaproteobacteria","Rhodobacterales","Rhodobacteraceae","Ruegeria",92.1333333333333,0.123420796890185,0.098153547133139,0.223517978620019,0.224813735017817,0.237771298995789,0.0923226433430515
"Otu00043","esv_43","Otu00043","Bacteria(100)","Bacteroidetes","Bacteroidia","Flavobacteriales","NS9_marine_group","NS9_marine_group_ge",366.8,0.0713936430317848,0.14718826405868,0.223634881825591,0.225916870415648,0.240912795436023,0.0909535452322738
"Otu00410","esv_432","Otu00410","Bacteria(100)","Bacteroidetes","Bacteroidia","Flavobacteriales","Flavobacteriaceae","Kordia",56.8666666666667,0.0844370860927152,0,0.250551876379691,0.132450331125828,0.441501103752759,0.0910596026490066
"Otu00044","esv_44","Otu00044","Bacteria(100)","Proteobacteria","Alphaproteobacteria","Rhodobacterales","Rhodobacteraceae","Thalassobius",1977.8,0.116015151985593,0.0502996243052753,0.108330487161176,0.556866519700686,0.0982084639985096,0.0702797528487596
"Otu00419","esv_441","Otu00419","Bacteria(100)","Proteobacteria","Gammaproteobacteria","Oceanospirillales","Litoricolaceae","Litoricola",32.1333333333333,0,0,0.274131274131274,0,0.517374517374517,0.208494208494208
"Otu00420","esv_442","Otu00420","Bacteria(100)","Proteobacteria","Gammaproteobacteria","Alteromonadales","Colwelliaceae","Thalassotalea",78.3333333333333,0.0159857904085258,0.344227353463588,0.320426287744227,0.0319715808170515,0.152042628774423,0.135346358792185
"Otu00423","esv_446","Otu00423","Bacteria(100)","Proteobacteria","Alphaproteobacteria","Rhodobacterales","Rhodobacteraceae","Rhodobacteraceae_unclassified",60.3333333333333,0.322520852641335,0.0403151065801668,0.162187210379981,0.229842446709917,0.1241890639481,0.1209453197405
"Otu00047","esv_47","Otu00047","Bacteria(100)","Proteobacteria","Alphaproteobacteria","Puniceispirillales","SAR116_clade","SAR116_clade_ge",73.4,0.137592137592138,0.0786240786240786,0.235053235053235,0.230958230958231,0.239148239148239,0.0786240786240786
"Otu00445","esv_470","Otu00445","Bacteria(100)","Proteobacteria","Alphaproteobacteria","Rhodobacterales","Rhodobacteraceae","Rhodobacteraceae_unclassified",160.6,0.463040213582513,0.0440513932921742,0.143167028199566,0.124812280994494,0.143834473552478,0.0810946103787752
"Otu00449","esv_475","Otu00449","Bacteria(100)","Proteobacteria","Gammaproteobacteria","Alteromonadales","Alteromonadaceae","Alteromonadaceae_unclassified",56.3333333333333,0.234086242299795,0.0646817248459959,0.151950718685832,0.196098562628337,0.254620123203285,0.0985626283367556
"Otu00048","esv_48","Otu00048","Bacteria(100)","Proteobacteria","Gammaproteobacteria","Alteromonadales","Alteromonadaceae","Aestuariibacter",1687.46666666667,0.138231319753766,0.10845303037886,0.328578816542382,0.0664965050130958,0.138531605024774,0.219708723287123
"Otu00455","esv_482","Otu00455","Bacteria(100)","Proteobacteria","Alphaproteobacteria","Rhodobacterales","Rhodobacteraceae","Rhodobacteraceae_unclassified",103.666666666667,0.275321768326805,0.0671516508114158,0.0514829322887521,0.430330162283156,0.12870733072188,0.0470061555679911
"Otu00457","esv_484","Otu00457","Bacteria(100)","Proteobacteria","Alphaproteobacteria","Rhodobacterales","Rhodobacteraceae","Rhodobacteraceae_unclassified",81.7333333333333,0.282068502350571,0.164204163868368,0,0.248488918737408,0.221625251846877,0.0836131631967764
"Otu00458","esv_485","Otu00458","Bacteria(100)","Proteobacteria","Gammaproteobacteria","Alteromonadales","Alteromonadaceae","Alteromonadaceae_unclassified",110.266666666667,0.22248427672956,0.0849056603773585,0.206498951781971,0.134696016771488,0.259433962264151,0.0919811320754717
"Otu00005","esv_5","Otu00005","Bacteria(100)","Cyanobacteria","Oxyphotobacteria","Synechococcales","Cyanobiaceae","Prochlorococcus_MIT9313",195.8,0.194032111481369,0.0831566192063011,0.0963344441078461,0.377461375340806,0.195395334747046,0.0536201151166313
"Otu00476","esv_505","Otu00476","Bacteria(100)","Proteobacteria","Alphaproteobacteria","Rhodobacterales","Rhodobacteraceae","Rhodobacteraceae_unclassified",95.0666666666667,0.166974169741697,0.126383763837638,0,0.498769987699877,0.132226322263223,0.0756457564575646
"Otu00480","esv_509","Otu00480","Bacteria(100)","Bacteroidetes","Bacteroidia","Flavobacteriales","Cryomorphaceae","Phaeocystidibacter",134.2,0.00418191322530057,0.853110297961317,0.0644711622233839,0.00243944938142534,0.0376372190277052,0.0381599581808677
"Otu00481","esv_510","Otu00481","Bacteria(100)","Proteobacteria","Gammaproteobacteria","Alteromonadales","Colwelliaceae","Thalassotalea",72.5333333333333,0.112409347300564,0.176470588235294,0.386784850926672,0,0.243352135374698,0.0809830781627719
"Otu00053","esv_53","Otu00053","Bacteria(99)","Proteobacteria","Proteobacteria_unclassified","Proteobacteria_unclassified","Proteobacteria_unclassified","Proteobacteria_unclassified",404,0.105503899220156,0.093131373725255,0.113227354529094,0.337582483503299,0.275644871025795,0.0749100179964007
"Otu00499","esv_530","Otu00499","Bacteria(100)","Proteobacteria","Alphaproteobacteria","Rhodobacterales","Rhodobacteraceae","Rhodobacteraceae_unclassified",113.733333333333,0.0792811839323467,0.0856236786469344,0.255813953488372,0.273255813953488,0.17600422832981,0.130021141649049
"Otu00500","esv_531","Otu00500","Bacteria(100)","Proteobacteria","Alphaproteobacteria","Rhodobacterales","Rhodobacteraceae","Rhodobacteraceae_unclassified",87.4,0.200990099009901,0.117821782178218,0.143894389438944,0.282508250825082,0.16963696369637,0.0851485148514852
"Otu00507","esv_539","Otu00507","Bacteria(100)","Proteobacteria","Alphaproteobacteria","Rhodobacterales","Rhodobacteraceae","Rhodobacteraceae_unclassified",44.2666666666667,0.170664838930774,0.0308430431802605,0.128855380397533,0.386566141192598,0.215215901302262,0.067854694996573
"Otu00508","esv_540","Otu00508","Bacteria(100)","Proteobacteria","Alphaproteobacteria","Alphaproteobacteria_unclassified","Alphaproteobacteria_unclassified","Alphaproteobacteria_unclassified",60.1333333333333,0.111397627643115,0,0.121712222795255,0.502320783909232,0.167096441464673,0.0974729241877256
"Otu00511","esv_544","Otu00511","Bacteria(100)","Proteobacteria","Gammaproteobacteria","Oceanospirillales","Nitrincolaceae","Amphritea",77.3333333333333,0.311578286790085,0.405710699717603,0.0828365233762159,0.0426733605271415,0.0583620960150612,0.098839033573894
"Otu00055","esv_55","Otu00055","Archaea(100)","Euryarchaeota","Thermoplasmata","Marine_Group_II","Marine_Group_II_fa","Marine_Group_II_ge",171.733333333333,0.140094093047569,0.0982749607945635,0.284021606551664,0.347098797699948,0.0620317128419585,0.0684788290642969
"Otu00056","esv_56","Otu00056","Bacteria(100)","Proteobacteria","Alphaproteobacteria","Rhodobacterales","Rhodobacteraceae","Rhodobacteraceae_unclassified",363.533333333333,0.171724470134875,0.0905587668593449,0.159762363519589,0.261400128452152,0.205523442517662,0.111030828516378
"Otu00057","esv_57","Otu00057","Bacteria(100)","Bacteroidetes","Bacteroidia","Flavobacteriales","Flavobacteriaceae","NS5_marine_group",308.133333333333,0.108561835478456,0.135702294348069,0.111173288565566,0.258347323260586,0.216937138593546,0.169278119753777
"Otu00058","esv_58","Otu00058","Bacteria(100)","Bacteroidetes","Bacteroidia","Flavobacteriales","NS9_marine_group","NS9_marine_group_ge",610.2,0.110102722648848,0.108756357833849,0.0917522688740401,0.323027824872843,0.323725939962102,0.0426348858083175
"Otu00006","esv_6","Otu00006","Bacteria(100)","Bacteroidetes","Bacteroidia","Flavobacteriales","Flavobacteriaceae","NS5_marine_group",1531.93333333333,0.159809069212411,0.0874653937947494,0.139073985680191,0.284143198090692,0.209221957040573,0.120286396181384
"Otu00060","esv_60","Otu00060","Bacteria(100)","Proteobacteria","Alphaproteobacteria","Rhodobacterales","Rhodobacteraceae","Rhodobacteraceae_unclassified",1469.13333333333,0.476769549569201,0.0488057585341913,0.124295633838659,0.146035554586105,0.133093394408696,0.0710001090631476
"Otu00565","esv_606","Otu00565","Bacteria(80)","Bacteria_unclassified","Bacteria_unclassified","Bacteria_unclassified","Bacteria_unclassified","Bacteria_unclassified",73.0666666666667,0.188411669367909,0.0303889789303079,0.216369529983793,0.185575364667747,0.262560777957861,0.116693679092382
"Otu00061","esv_61","Otu00061","Bacteria(100)","Proteobacteria","Alphaproteobacteria","Rhodobacterales","Rhodobacteraceae","Rhodobacteraceae_unclassified",902.733333333333,0.234138179909455,0.0380880519650942,0.0888393150055771,0.472541171839118,0.103995800800472,0.0623974804802835
"Otu00571","esv_613","Otu00571","Bacteria(100)","Proteobacteria","Gammaproteobacteria","Cellvibrionales","Halieaceae","OM60",103.066666666667,0.245142857142857,0.104571428571429,0.110857142857143,0.146857142857143,0.392571428571429,0
"Otu00063","esv_63","Otu00063","Bacteria(100)","Proteobacteria","Alphaproteobacteria","Puniceispirillales","SAR116_clade","SAR116_clade_ge",111.466666666667,0.146824305746494,0.040417926862799,0.180368435523783,0.266153423150949,0.311795435798735,0.0544404729172395
"Otu00585","esv_630","Otu00585","Bacteria(100)","Proteobacteria","Alphaproteobacteria","Rhodobacterales","Rhodobacteraceae","Rhodobacteraceae_unclassified",62.2,0.19562304600268,0.111210361768647,0.167038856632425,0.0384100044662796,0.29477445288075,0.192943278249218
"Otu00589","esv_634","Otu00589","Bacteria(100)","Proteobacteria","Gammaproteobacteria","Oceanospirillales","Nitrincolaceae","Amphritea",76.6,0.12626427406199,0.492332789559543,0.139641109298532,0,0.109624796084829,0.132137030995106
"Otu00590","esv_635","Otu00590","Bacteria(100)","Proteobacteria","Gammaproteobacteria","Oceanospirillales","Nitrincolaceae","uncultured",98.8666666666667,0.041751012145749,0.598937246963563,0.138663967611336,0.0232793522267206,0.0895748987854251,0.107793522267206
"Otu00604","esv_651","Otu00604","Bacteria(100)","Proteobacteria","Alphaproteobacteria","Rhodospirillales","Terasakiellaceae","Terasakiella",44.6666666666667,0.174815807099799,0.0421969189551239,0.241125251172137,0.196918955123912,0.254521098459478,0.0904219691895512
"Otu00610","esv_658","Otu00610","Bacteria(100)","Proteobacteria","Alphaproteobacteria","Rhodobacterales","Rhodobacteraceae","Rhodobacteraceae_unclassified",70.4666666666667,0.183874948580831,0.0703414232825997,0.131633072809543,0.30275606746195,0.174413821472645,0.136980666392431
"Otu00067","esv_67","Otu00067","Bacteria(100)","Proteobacteria","Alphaproteobacteria","Rhodobacterales","Rhodobacteraceae","Rhodobacteraceae_unclassified",60.9333333333333,0.126181474480151,0.153119092627599,0.215500945179584,0.183364839319471,0.192816635160681,0.129017013232514
"Otu00626","esv_678","Otu00626","Bacteria(100)","Proteobacteria","Gammaproteobacteria","Oceanospirillales","Nitrincolaceae","Neptuniibacter",85.3333333333333,0.397337770382696,0,0.0479201331114809,0.287520798668885,0.220299500831947,0.0469217970049917
"Otu00007","esv_7","Otu00007","Bacteria(100)","Proteobacteria","Gammaproteobacteria","Oceanospirillales","Saccharospirillaceae","Reinekea",116,0.188229571984436,0.160505836575875,0.118677042801556,0.257782101167315,0.162451361867704,0.112354085603113
"Otu00649","esv_707","Otu00649","Bacteria(100)","Proteobacteria","Gammaproteobacteria","Alteromonadales","Colwelliaceae","Thalassotalea",101.333333333333,0.0124688279301746,0.253532834580216,0.403435854807426,0.0127459129952896,0.110834026045996,0.206982543640898
"Otu00660","esv_720","Otu00660","Bacteria(100)","Proteobacteria","Gammaproteobacteria","Oceanospirillales","Nitrincolaceae","Amphritea",41.4,0.101779755283648,0.682424916573971,0.0723025583982202,0,0,0.14349276974416
"Otu00664","esv_727","Otu00664","Bacteria(100)","Proteobacteria","Gammaproteobacteria","Alteromonadales","Alteromonadaceae","Aestuariibacter",111.4,0.07512402551382,0.341601700921332,0.22206472950626,0,0.146468225844555,0.214741318214033
"Otu00682","esv_749","Otu00682","Bacteria(100)","Proteobacteria","Gammaproteobacteria","Oceanospirillales","Nitrincolaceae","Nitrincolaceae_unclassified",63.8,0.526823134953898,0,0.09639564124057,0.146689019279128,0.163453478625314,0.0666387259010897
"Otu00075","esv_75","Otu00075","Bacteria(100)","Proteobacteria","Gammaproteobacteria","Alteromonadales","Pseudoalteromonadaceae","Pseudoalteromonas",1114.93333333333,0.0697296898443072,0.35750301301129,0.298349607693632,0.107681334087611,0.0620311385493273,0.104705216813833
"Otu00686","esv_753","Otu00686","Bacteria(100)","Proteobacteria","Gammaproteobacteria","Alteromonadales","Alteromonadaceae","Alteromonas",105.666666666667,0.0960280373831776,0.455607476635514,0.0088785046728972,0,0.213084112149533,0.226401869158878
"Otu00687","esv_755","Otu00687","Bacteria(100)","Proteobacteria","Alphaproteobacteria","Rhodobacterales","Rhodobacteraceae","Rhodobacteraceae_unclassified",84.0666666666667,0.430335655478151,0.102596580113996,0.0614312856238125,0.221659278024066,0.112729575680811,0.071247625079164
"Otu00079","esv_79","Otu00079","Bacteria(100)","Proteobacteria","Gammaproteobacteria","Oceanospirillales","Oleiphilaceae","Oleiphilus",67.0666666666667,0.175681716584712,0.0509611086276263,0.0438086723290121,0.486365668305767,0.168082253017434,0.0751005811354493
"Otu00721","esv_796","Otu00721","Bacteria(100)","Proteobacteria","Gammaproteobacteria","Alteromonadales","Pseudoalteromonadaceae","Psychrosphaera",96.1333333333333,0,0.302909298345693,0.356531660011409,0,0.11123787792356,0.229321163719338
"Otu00008","esv_8","Otu00008","Bacteria(100)","Proteobacteria","Gammaproteobacteria","Cellvibrionales","Halieaceae","OM60",1573.53333333333,0.163143539038527,0.0845550630753495,0.165170284502027,0.206765920369739,0.310527711482365,0.0698374815319923
"Otu00731","esv_811","Otu00731","Bacteria(100)","Proteobacteria","Gammaproteobacteria","Oceanospirillales","Nitrincolaceae","Marinobacterium",37.1333333333333,0.292296072507553,0.0589123867069486,0.169184290030211,0.110271903323263,0.244712990936556,0.124622356495468
"Otu00734","esv_814","Otu00734","Bacteria(100)","Proteobacteria","Gammaproteobacteria","Alteromonadales","Alteromonadaceae","Alteromonadaceae_unclassified",64.7333333333333,0.0523826846125864,0.580574754456166,0.119316114950891,0,0,0.247726445980356
"Otu00083","esv_83","Otu00083","Bacteria(100)","Proteobacteria","Alphaproteobacteria","Puniceispirillales","SAR116_clade","SAR116_clade_ge",79.7333333333333,0.193729003359462,0.0559910414333707,0.158268010451661,0.257558790593505,0.262784621127286,0.0716685330347144
"Otu00746","esv_830","Otu00746","Bacteria(100)","Proteobacteria","Gammaproteobacteria","Alteromonadales","Alteromonadaceae","Alteromonadaceae_unclassified",29.2666666666667,0.0551020408163265,0.104081632653061,0.23469387755102,0,0.453061224489796,0.153061224489796
"Otu00754","esv_839","Otu00754","Bacteria(100)","Proteobacteria","Gammaproteobacteria","Alteromonadales","Alteromonadaceae","Aestuariibacter",29.2666666666667,0.0904522613065327,0.153768844221106,0.205025125628141,0.136683417085427,0.305527638190955,0.108542713567839
"Otu00085","esv_85","Otu00085","Bacteria(100)","Proteobacteria","Gammaproteobacteria","Alteromonadales","Pseudoalteromonadaceae","Pseudoalteromonas",1354.53333333333,0.125590574726392,0.322707972011243,0.230289257022108,0.121922532543907,0.0780256364252537,0.121464027271096
"Otu00801","esv_894","Otu00801","Bacteria(100)","Proteobacteria","Gammaproteobacteria","Alteromonadales","Alteromonadaceae","Alteromonadaceae_unclassified",30.0666666666667,0,0.0900290416263311,0.197483059051307,0,0.422071636011617,0.290416263310745
"Otu00802","esv_895","Otu00802","Bacteria(100)","Proteobacteria","Deltaproteobacteria","Bdellovibrionales","Bdellovibrionaceae","OM27_clade",81.2,0,0,0.391365888181175,0,0.194621372965322,0.414012738853503
"Otu00009","esv_9","Otu00009","Bacteria(100)","Proteobacteria","Gammaproteobacteria","Betaproteobacteriales","Methylophilaceae","OM43_clade",1004.73333333333,0.284002449050993,0.023265984431033,0.289162949357124,0.0565614157847168,0.290679028543106,0.0563281728330272
"Otu00818","esv_911","Otu00818","Bacteria(100)","Proteobacteria","Gammaproteobacteria","Alteromonadales","Alteromonadaceae","Alteromonadaceae_unclassified",69.3333333333333,0.0932203389830508,0.208232445520581,0.206618240516546,0.108958837772397,0.202582728006457,0.180387409200969
"Otu00823","esv_918","Otu00823","Bacteria(100)","Proteobacteria","Gammaproteobacteria","Alteromonadales","Pseudoalteromonadaceae","Pseudoalteromonas",31.4,0.0849056603773585,0.234133790737564,0.385934819897084,0.0377358490566038,0,0.257289879931389
